35
36
48
49

12
13
14
15

12
13
14
15

42
51
81
91

44
45
46
47

324
243
210
162

97
98
99
100

14
16
18
24

60
65
68
70

92
115
127
131

25
26
27
28

9
11
13
15

45.5
39.5
30.5
40.5

441
484
529
729

24
22
20
18

228
256
352
456

18
27
36
81

43
49
50
59

144
216
288
360

3
6
8
9

145
129
113
97

312
325
515
613

54
60
66
72

37
44
50
55

111
120
121
132

24
25
26
27

60
95
120
150

1038
1998
3008
3968

154.5
162.5
164.5
166.5

24
28
77
218

128
144
192
256

76
75
74
72

300
336
420
525

375
420
435
390

95
97
99
101

41
51
60
71

115
148
170
181

0
1
2
3

322
332
342
352

550
310
295
285

246
247
248
249

0.9
0.82
1
0.95

70
75
80
85

34
54
55
56

31
33
35
36

21
25
27
33

147
162
183
192

579
578
568
478

56
57
58
59

672
386
279
143

12
29
30
35

114
338
558
991

1
7
9
12

15
16
17
18

35
32
30
28

8
10
11
14

15
16
20
22

9
10
11
12

212
221
241
242

86
90
154
352

45
52
54
55

42
43
51
52

60
64
70
72

5
7
8
11

150
175
225
250

101
110
111
None of these

3456
2345
23456
34561

\(\frac{17}{40})
\(\frac{19}{42})
\(\frac{20}{45})
\(\frac{29}{53})

\(\frac{6}{5\sqrt{5}}\)
\(\frac{6}{25\sqrt{5}}\)
\(\frac{6}{125}\)
\(\frac{7}{25}\)

8\(\frac{1}{3})
9\(\frac{1}{11})
10
20

(13, 15)
(15, 16)
(13, 17)
(13, 19)

48
346
574
1003

256
512
729
1000

117
121
123
129

4370
4374
7443
7434

104th
105th
106th
64th

10th
9th
8th
None of these
