24
27
31
33

80
121
169
196

3
5
7
9

143
165
186
209

4
32
64
96

14
48
98
194

13
21
32
47

3
4
10
27

188
92
48
20

7
15
27
63

10
17
24
37

10
21
129
256

16
22
45
70

6
14
64
126

26
74
218
654

15
39
63
127

25
46
109
221

1236
3456
4566
5686

80
320
550
2560

8
9
13
22

8
343
1331
None of these

28
32
64
132

11
12
17
15

21
11
32
51

5
20
40
26

72
90
110
150

13
32
47
63

83
82
86
78

36
49
169
225

17
26
37
64

9
16
25
37

5
10
50
5000

384
48
24
2

105
60
0
-45

94
127
202
259

126
124
123
129

10
32
685
4116

3
4
10
27

27
61
122
509

30
45
52
66

30
28
27
17

55
41
29
19

21
25
29
34

8
15
26
33

97
95
93
55
