5279431
5978213
8251896
8543691

318826
318286
618826
338816

246173
214673
214763
216473

863203
863584
863903
863063

37536689
57686535
96575368
96855368

5427
5724
5247
2547

29530
24153
25413
25430

956169
196247
352213
312723

25196577
21732199
21362199
21823698

918731
954185
814195
614781

744589
744193
166479
745194

524519
174189
128174
124179

381171
381191
832252
835545

8519
6713
6513
6719

193859
163546
164576
193476

57163
75163
76198
57193

38137
49148
48246
49145

19943785
13394567
16693895
13396875

694573
693578
673958
693857

397758
497758
483359
493376

95378165
25378195
27456137
27386195

3568
3658
3685
3583

3256482
3265842
3645862
3658426

324082
69824
41632
35612

3765485
4798165
3697185
4768296

7598656
8597656
8297626
7689565

166762
466765
488976
435985

89786145
79438163
78579452
78698365

98175
89483
68194
65478

44826
44882
46682
44682

57914
55914
55934
55714

3498178
3894871
3849781
3894781

75
85
120
123

39
41
44
46

6
8
9
10

56
58
62
64

30
50
60
70

10-7-20-13-11-24
11-7-20-16-11-24
13-7-20-9-11-25
13-7-20-10-11-25

14122914
19274651
24639125
73957614

45038401854
56149512965
57159413955
67250623076

765439
765439
765459
765549
